java ARQ 1 30 125000 10000 125 0 0 SR 8
java ARQ 1 30 125000 10000 125 0 0 SR 8
java ARQ 1 30 125000 10000 125 0 0 SR 8
java ARQ 1 30 125000 10000 125 0 0 SR 8
java ARQ 1 30 125000 10000 125 0 0 SR 8
java ARQ 1 30 125000 10000 125 0 0 SR 8
java ARQ 1 30 125000 10000 125 0 0 SR 8
java ARQ 1 30 125000 10000 125 0 0 SR 8
java ARQ 1 30 125000 10000 125 0 0 SR 8
java ARQ 1 30 125000 10000 125 0 0 SR 8
java ARQ 1 30 125000 10000 125 0.00002 0 SR 8
java ARQ 1 30 125000 10000 125 0.00002 0 SR 8
java ARQ 1 30 125000 10000 125 0.00002 0 SR 8
java ARQ 1 30 125000 10000 125 0.00002 0 SR 8
java ARQ 1 30 125000 10000 125 0.00002 0 SR 8
java ARQ 1 30 125000 10000 125 0.00002 0 SR 8
java ARQ 1 30 125000 10000 125 0.00002 0 SR 8
java ARQ 1 30 125000 10000 125 0.00002 0 SR 8
java ARQ 1 30 125000 10000 125 0.00002 0 SR 8
java ARQ 1 30 125000 10000 125 0.00002 0 SR 8
java ARQ 1 30 125000 10000 125 0.00004 0 SR 8
java ARQ 1 30 125000 10000 125 0.00004 0 SR 8
java ARQ 1 30 125000 10000 125 0.00004 0 SR 8
java ARQ 1 30 125000 10000 125 0.00004 0 SR 8
java ARQ 1 30 125000 10000 125 0.00004 0 SR 8
java ARQ 1 30 125000 10000 125 0.00004 0 SR 8
java ARQ 1 30 125000 10000 125 0.00004 0 SR 8
java ARQ 1 30 125000 10000 125 0.00004 0 SR 8
java ARQ 1 30 125000 10000 125 0.00004 0 SR 8
java ARQ 1 30 125000 10000 125 0.00004 0 SR 8
java ARQ 1 30 125000 10000 125 0.00006 0 SR 8
java ARQ 1 30 125000 10000 125 0.00006 0 SR 8
java ARQ 1 30 125000 10000 125 0.00006 0 SR 8
java ARQ 1 30 125000 10000 125 0.00006 0 SR 8
java ARQ 1 30 125000 10000 125 0.00006 0 SR 8
java ARQ 1 30 125000 10000 125 0.00006 0 SR 8
java ARQ 1 30 125000 10000 125 0.00006 0 SR 8
java ARQ 1 30 125000 10000 125 0.00006 0 SR 8
java ARQ 1 30 125000 10000 125 0.00006 0 SR 8
java ARQ 1 30 125000 10000 125 0.00006 0 SR 8
java ARQ 1 30 125000 10000 125 0.00008 0 SR 8
java ARQ 1 30 125000 10000 125 0.00008 0 SR 8
java ARQ 1 30 125000 10000 125 0.00008 0 SR 8
java ARQ 1 30 125000 10000 125 0.00008 0 SR 8
java ARQ 1 30 125000 10000 125 0.00008 0 SR 8
java ARQ 1 30 125000 10000 125 0.00008 0 SR 8
java ARQ 1 30 125000 10000 125 0.00008 0 SR 8
java ARQ 1 30 125000 10000 125 0.00008 0 SR 8
java ARQ 1 30 125000 10000 125 0.00008 0 SR 8
java ARQ 1 30 125000 10000 125 0.00008 0 SR 8
java ARQ 1 30 125000 10000 125 0.0001 0 SR 8
java ARQ 1 30 125000 10000 125 0.0001 0 SR 8
java ARQ 1 30 125000 10000 125 0.0001 0 SR 8
java ARQ 1 30 125000 10000 125 0.0001 0 SR 8
java ARQ 1 30 125000 10000 125 0.0001 0 SR 8
java ARQ 1 30 125000 10000 125 0.0001 0 SR 8
java ARQ 1 30 125000 10000 125 0.0001 0 SR 8
java ARQ 1 30 125000 10000 125 0.0001 0 SR 8
java ARQ 1 30 125000 10000 125 0.0001 0 SR 8
java ARQ 1 30 125000 10000 125 0.0001 0 SR 8
java ARQ 1 30 125000 10000 125 0.0001 0 SR 1
java ARQ 1 30 125000 10000 125 0.0001 0 SR 1
java ARQ 1 30 125000 10000 125 0.0001 0 SR 1
java ARQ 1 30 125000 10000 125 0.0001 0 SR 1
java ARQ 1 30 125000 10000 125 0.0001 0 SR 1
java ARQ 1 30 125000 10000 125 0.0001 0 SR 1
java ARQ 1 30 125000 10000 125 0.0001 0 SR 1
java ARQ 1 30 125000 10000 125 0.0001 0 SR 1
java ARQ 1 30 125000 10000 125 0.0001 0 SR 1
java ARQ 1 30 125000 10000 125 0.0001 0 SR 1
java ARQ 1 30 125000 10000 125 0.0001 0 SR 4
java ARQ 1 30 125000 10000 125 0.0001 0 SR 4
java ARQ 1 30 125000 10000 125 0.0001 0 SR 4
java ARQ 1 30 125000 10000 125 0.0001 0 SR 4
java ARQ 1 30 125000 10000 125 0.0001 0 SR 4
java ARQ 1 30 125000 10000 125 0.0001 0 SR 4
java ARQ 1 30 125000 10000 125 0.0001 0 SR 4
java ARQ 1 30 125000 10000 125 0.0001 0 SR 4
java ARQ 1 30 125000 10000 125 0.0001 0 SR 4
java ARQ 1 30 125000 10000 125 0.0001 0 SR 4
java ARQ 1 30 125000 10000 125 0.0001 0 SR 8
java ARQ 1 30 125000 10000 125 0.0001 0 SR 8
java ARQ 1 30 125000 10000 125 0.0001 0 SR 8
java ARQ 1 30 125000 10000 125 0.0001 0 SR 8
java ARQ 1 30 125000 10000 125 0.0001 0 SR 8
java ARQ 1 30 125000 10000 125 0.0001 0 SR 8
java ARQ 1 30 125000 10000 125 0.0001 0 SR 8
java ARQ 1 30 125000 10000 125 0.0001 0 SR 8
java ARQ 1 30 125000 10000 125 0.0001 0 SR 8
java ARQ 1 30 125000 10000 125 0.0001 0 SR 8
java ARQ 1 30 125000 10000 125 0.0001 0 SR 12
java ARQ 1 30 125000 10000 125 0.0001 0 SR 12
java ARQ 1 30 125000 10000 125 0.0001 0 SR 12
java ARQ 1 30 125000 10000 125 0.0001 0 SR 12
java ARQ 1 30 125000 10000 125 0.0001 0 SR 12
java ARQ 1 30 125000 10000 125 0.0001 0 SR 12
java ARQ 1 30 125000 10000 125 0.0001 0 SR 12
java ARQ 1 30 125000 10000 125 0.0001 0 SR 12
java ARQ 1 30 125000 10000 125 0.0001 0 SR 12
java ARQ 1 30 125000 10000 125 0.0001 0 SR 12
java ARQ 1 30 125000 10000 125 0.0001 0 SR 16
java ARQ 1 30 125000 10000 125 0.0001 0 SR 16
java ARQ 1 30 125000 10000 125 0.0001 0 SR 16
java ARQ 1 30 125000 10000 125 0.0001 0 SR 16
java ARQ 1 30 125000 10000 125 0.0001 0 SR 16
java ARQ 1 30 125000 10000 125 0.0001 0 SR 16
java ARQ 1 30 125000 10000 125 0.0001 0 SR 16
java ARQ 1 30 125000 10000 125 0.0001 0 SR 16
java ARQ 1 30 125000 10000 125 0.0001 0 SR 16
java ARQ 1 30 125000 10000 125 0.0001 0 SR 16
java ARQ 1 30 125000 10000 125 0.0001 0 SR 32
java ARQ 1 30 125000 10000 125 0.0001 0 SR 32
java ARQ 1 30 125000 10000 125 0.0001 0 SR 32
java ARQ 1 30 125000 10000 125 0.0001 0 SR 32
java ARQ 1 30 125000 10000 125 0.0001 0 SR 32
java ARQ 1 30 125000 10000 125 0.0001 0 SR 32
java ARQ 1 30 125000 10000 125 0.0001 0 SR 32
java ARQ 1 30 125000 10000 125 0.0001 0 SR 32
java ARQ 1 30 125000 10000 125 0.0001 0 SR 32
java ARQ 1 30 125000 10000 125 0.0001 0 SR 32
java ARQ 1 30 125000 10000 125 0.0001 0 SR 40
java ARQ 1 30 125000 10000 125 0.0001 0 SR 40
java ARQ 1 30 125000 10000 125 0.0001 0 SR 40
java ARQ 1 30 125000 10000 125 0.0001 0 SR 40
java ARQ 1 30 125000 10000 125 0.0001 0 SR 40
java ARQ 1 30 125000 10000 125 0.0001 0 SR 40
java ARQ 1 30 125000 10000 125 0.0001 0 SR 40
java ARQ 1 30 125000 10000 125 0.0001 0 SR 40
java ARQ 1 30 125000 10000 125 0.0001 0 SR 40
java ARQ 1 30 125000 10000 125 0.0001 0 SR 40
